1607621459.13, 503, 114, 1023, 36, 37, 52.0, 23.0
1607622061.69, 498, 97, 1023, 37, 41, 52.0, 23.0
1607622664.32, 494, 96, 1023, 38, 39, 52.0, 23.0
1607623266.95, 497, 94, 1023, 37, 41, 52.0, 24.0
1607623869.52, 496, 86, 1023, 36, 40, 51.0, 24.0
1607624472.15, 492, 82, 1023, 37, 41, 52.0, 23.0
1607625074.75, 485, 80, 1023, 38, 41, 52.0, 24.0
1607625677.38, 482, 78, 1023, 40, 42, 52.0, 24.0
1607626280.01, 481, 72, 1023, 41, 43, 51.0, 24.0
1607626882.64, 477, 66, 1023, 42, 45, 51.0, 24.0
1607627485.27, 480, 75, 1023, 43, 46, 51.0, 24.0
1607628087.9, 479, 85, 1023, 46, 48, 51.0, 24.0
1607628690.53, 474, 77, 1023, 48, 50, 51.0, 24.0
1607629293.16, 474, 79, 1023, 50, 52, 51.0, 24.0
1607629895.73, 474, 61, 1023, 53, 56, 52.0, 24.0
1607630498.35, 478, 84, 1023, 56, 59, 52.0, 24.0
1607631100.98, 470, 80, 1023, 60, 64, 52.0, 24.0
1607631703.61, 471, 87, 1023, 65, 69, 52.0, 24.0
1607632306.23, 473, 93, 1023, 72, 80, 53.0, 24.0
1607632908.83, 471, 83, 1023, 83, 97, 53.0, 24.0
1607633511.46, 468, 78, 1023, 96, 118, 54.0, 24.0
1607634114.09, 462, 86, 1023, 113, 146, 54.0, 24.0
1607634716.72, 463, 81, 1023, 124, 163, 55.0, 24.0
1607635319.31, 461, 85, 1023, 208, 345, 55.0, 24.0
1607635921.94, 462, 81, 1023, 228, 379, 56.0, 24.0
1607636524.57, 460, 91, 1023, 254, 416, 56.0, 23.0
1607637127.2, 459, 64, 1023, 296, 472, 56.0, 23.0
1607637729.83, 456, 95, 1023, 372, 569, 56.0, 23.0
1607638332.39, 457, 90, 1023, 514, 701, 58.0, 23.0
1607638934.99, 457, 82, 1023, 731, 827, 58.0, 23.0
1607639537.62, 453, 86, 1023, 929, 919, 59.0, 23.0
1607640140.25, 452, 84, 1023, 987, 975, 60.0, 22.0
1607640742.88, 455, 90, 1023, 982, 981, 61.0, 22.0
1607641345.51, 447, 101, 1023, 996, 980, 61.0, 22.0
1607641948.14, 447, 92, 1023, 996, 986, 62.0, 22.0
1607642550.77, 450, 85, 1023, 994, 983, 62.0, 22.0
1607643153.39, 445, 84, 1023, 997, 983, 61.0, 21.0
1607643756.02, 450, 76, 1023, 995, 983, 61.0, 21.0
1607644358.59, 444, 78, 1023, 995, 981, 62.0, 21.0
1607644961.22, 445, 81, 1023, 996, 979, 62.0, 21.0
1607645563.85, 446, 81, 1023, 994, 979, 62.0, 21.0
1607646166.48, 448, 83, 1023, 994, 980, 62.0, 21.0
1607646769.11, 446, 86, 1023, 994, 980, 62.0, 21.0
1607647371.74, 442, 83, 1023, 993, 979, 61.0, 20.0
1607647974.27, 443, 83, 1023, 995, 978, 61.0, 20.0
1607648576.8, 444, 82, 1023, 994, 976, 61.0, 20.0
1607649179.39, 441, 71, 1023, 992, 975, 61.0, 20.0
1607649781.95, 437, 81, 1023, 993, 978, 61.0, 20.0
1607650384.58, 442, 88, 1023, 994, 976, 61.0, 20.0
1607650987.21, 441, 74, 1023, 993, 976, 62.0, 20.0
1607651589.84, 438, 85, 1023, 993, 975, 62.0, 20.0
1607652192.47, 436, 83, 1023, 993, 974, 63.0, 19.0
1607652795.06, 436, 88, 1023, 993, 973, 63.0, 19.0
1607653397.69, 432, 83, 1023, 993, 973, 63.0, 19.0
1607654000.32, 433, 90, 1023, 993, 973, 63.0, 19.0
1607654602.95, 437, 84, 1023, 981, 971, 63.0, 19.0
1607655205.55, 433, 76, 1023, 993, 971, 63.0, 19.0
1607655808.18, 436, 82, 1023, 997, 979, 63.0, 19.0
1607656410.75, 427, 64, 1023, 996, 978, 64.0, 19.0
1607657013.34, 417, 100, 1023, 994, 970, 64.0, 19.0
1607657615.95, 432, 75, 1023, 991, 971, 64.0, 19.0
1607658218.6, 431, 81, 1023, 993, 969, 64.0, 19.0
1607658821.23, 434, 74, 1023, 993, 970, 65.0, 19.0
1607659423.79, 435, 79, 1023, 994, 970, 65.0, 19.0
1607660026.35, 423, 85, 1023, 998, 976, 65.0, 19.0
1607660628.98, 437, 87, 1023, 996, 972, 65.0, 18.0
1607661231.61, 426, 81, 1023, 996, 977, 65.0, 18.0
1607661834.24, 430, 82, 1023, 997, 975, 65.0, 18.0
1607662436.87, 430, 80, 1023, 998, 975, 65.0, 18.0
1607663039.51, 433, 62, 1023, 997, 977, 65.0, 18.0
1607663642.14, 422, 92, 1023, 995, 975, 65.0, 18.0
1607664244.77, 425, 77, 1023, 997, 976, 65.0, 18.0
1607664847.31, 428, 97, 1023, 998, 973, 65.0, 18.0
1607665449.94, 428, 80, 1023, 997, 978, 65.0, 18.0
1607666052.57, 428, 79, 1023, 997, 976, 65.0, 18.0
1607666655.2, 433, 84, 1023, 996, 975, 65.0, 18.0
1607667257.83, 426, 74, 1023, 996, 974, 66.0, 18.0
1607667860.39, 427, 75, 1023, 997, 973, 65.0, 17.0
1607668463.02, 427, 73, 1023, 986, 968, 65.0, 17.0
1607669065.63, 423, 72, 1023, 996, 973, 65.0, 17.0
1607669668.26, 424, 89, 1023, 997, 974, 65.0, 17.0
1607670270.89, 422, 75, 1023, 997, 971, 65.0, 17.0
1607670876.05, 421, 77, 1023, 997, 972, 65.0, 17.0
1607671478.69, 424, 72, 1023, 998, 970, 65.0, 17.0
1607672081.31, 422, 76, 1023, 997, 973, 65.0, 17.0
1607672683.94, 422, 72, 1023, 997, 970, 65.0, 17.0
1607673286.57, 421, 74, 1023, 996, 971, 65.0, 17.0
1607673889.15, 420, 77, 1023, 997, 970, 65.0, 17.0
1607674491.77, 422, 73, 1023, 997, 970, 65.0, 17.0
1607675094.39, 422, 76, 1023, 996, 970, 65.0, 17.0
1607675697.01, 425, 77, 1023, 998, 970, 65.0, 17.0
1607676299.64, 422, 78, 1023, 998, 972, 65.0, 17.0
1607676902.27, 422, 76, 1023, 997, 969, 65.0, 16.0
1607677504.9, 419, 84, 1023, 997, 968, 65.0, 16.0
1607678110.06, 420, 77, 1023, 998, 968, 65.0, 16.0
1607678712.67, 419, 74, 1023, 997, 968, 65.0, 16.0
1607679315.3, 422, 72, 1023, 996, 972, 66.0, 17.0
1607679917.93, 422, 75, 1023, 997, 967, 63.0, 17.0
1607680520.56, 421, 71, 1023, 997, 971, 64.0, 17.0
1607681123.19, 422, 88, 1023, 957, 952, 64.0, 17.0
1607681725.82, 420, 71, 1023, 997, 971, 64.0, 17.0
1607682328.35, 419, 70, 1023, 996, 970, 64.0, 17.0
1607682930.91, 423, 75, 1023, 995, 969, 65.0, 16.0
1607683533.47, 422, 76, 1023, 997, 969, 65.0, 16.0
1607684136.1, 425, 73, 1023, 997, 967, 65.0, 16.0
1607684738.73, 423, 74, 1023, 997, 968, 65.0, 16.0
1607685341.34, 420, 72, 1023, 997, 970, 65.0, 16.0
1607685943.97, 418, 82, 1023, 998, 970, 65.0, 16.0
1607686546.6, 421, 74, 1023, 997, 969, 62.0, 17.0
1607687149.23, 421, 72, 1023, 994, 966, 63.0, 17.0
1607687751.86, 420, 74, 1023, 978, 947, 63.0, 17.0
1607688354.49, 422, 72, 1023, 858, 837, 64.0, 17.0
1607688957.07, 421, 78, 1023, 628, 679, 64.0, 16.0
1607689559.7, 424, 76, 1023, 432, 511, 63.0, 17.0
1607690162.33, 427, 76, 1023, 310, 372, 61.0, 18.0
1607690764.96, 421, 75, 1023, 218, 247, 62.0, 18.0
1607691367.59, 421, 76, 1023, 170, 191, 62.0, 17.0
1607691970.22, 426, 77, 1023, 170, 193, 62.0, 18.0
1607692572.85, 425, 73, 1023, 137, 146, 61.0, 18.0
1607693175.4, 429, 78, 1023, 123, 128, 62.0, 18.0
1607693777.95, 424, 84, 1023, 105, 107, 61.0, 17.0
1607694380.58, 425, 79, 1023, 67, 64, 61.0, 18.0
1607694983.11, 425, 53, 1023, 57, 54, 61.0, 18.0
1607695585.68, 432, 77, 1023, 24, 50, 60.0, 18.0
1607696188.29, 426, 80, 1023, 46, 48, 60.0, 19.0
1607696790.83, 427, 78, 1023, 47, 44, 59.0, 19.0
1607697393.46, 429, 86, 1023, 33, 41, 59.0, 19.0
1607697996.09, 431, 76, 1023, 44, 40, 58.0, 19.0
1607698598.72, 432, 74, 1023, 42, 39, 58.0, 19.0
1607699201.34, 434, 79, 1023, 15, 36, 58.0, 19.0
1607699803.97, 436, 79, 1023, 40, 34, 57.0, 20.0
1607700414.18, 436, 87, 1023, 40, 33, 56.0, 20.0
1607701019.34, 435, 72, 1023, 40, 10, 57.0, 21.0
1607701621.97, 442, 77, 1023, 40, 35, 57.0, 21.0
1607702224.6, 432, 88, 1023, 29, 10, 57.0, 21.0
1607702827.23, 437, 84, 1023, 40, 31, 56.0, 21.0
1607703429.86, 440, 67, 1023, 39, 32, 56.0, 21.0
1607704032.49, 438, 76, 1023, 16, 32, 55.0, 21.0
1607704635.12, 443, 64, 1023, 15, 13, 56.0, 22.0
1607705237.71, 438, 84, 1023, 33, 11, 56.0, 22.0
1607705840.34, 441, 78, 1023, 37, 10, 56.0, 22.0
1607706442.91, 444, 71, 1023, 37, 11, 55.0, 22.0
1607707045.54, 443, 81, 1023, 38, 38, 55.0, 22.0
1607707648.11, 442, 76, 1023, 38, 39, 54.0, 22.0
1607708250.74, 444, 74, 1023, 38, 39, 54.0, 22.0
1607708853.34, 446, 81, 1023, 40, 40, 54.0, 23.0
1607709455.97, 444, 46, 1023, 38, 41, 54.0, 23.0
1607710058.57, 447, 72, 1023, 39, 41, 55.0, 23.0
1607710663.72, 446, 57, 1023, 39, 42, 55.0, 23.0
1607710672.6281497, 445, 66, 1023, 39, 42, 73.4, 23.0
1607711266.35, 449, 52, 1023, 39, 42, 55.0, 23.0
1607711493.97, 449, 60, 1023, 40, 42, 55.0, 23.0
1607621444.6495311, 506, 103, 1023, 36, 37, 68.0, 23.0
1607713554.91, 448, 60, 1023, 42, 50, 55.0, 23.0
1607714157.45, 446, 51, 1023, 47, 54, 56.0, 23.0
1607714760.05, 448, 61, 1023, 46, 50, 56.0, 23.0
1607715362.68, 448, 63, 1023, 49, 53, 55.0, 23.0
1607715965.22, 450, 66, 1023, 54, 60, 55.0, 23.0
1607716567.76, 446, 61, 1023, 60, 69, 56.0, 24.0
1607717170.3, 444, 60, 1023, 64, 73, 56.0, 23.0
1607717772.83, 446, 56, 1023, 64, 73, 56.0, 23.0
1607718375.39, 442, 62, 1023, 68, 78, 57.0, 23.0
1607718980.52, 448, 56, 1023, 78, 92, 57.0, 23.0
1607719583.06, 447, 69, 1023, 108, 144, 57.0, 23.0
1607720185.69, 446, 63, 1023, 113, 157, 57.0, 23.0
1607720788.23, 445, 63, 1023, 131, 197, 57.0, 23.0
1607721390.79, 448, 61, 1023, 160, 252, 58.0, 23.0
1607721993.42, 447, 65, 1023, 186, 290, 58.0, 23.0
1607722596.05, 442, 55, 1023, 215, 340, 58.0, 23.0
1607723198.58, 444, 60, 1023, 271, 421, 58.0, 23.0
1607723801.11, 443, 62, 1023, 387, 576, 58.0, 23.0
1607724403.65, 443, 68, 1023, 580, 748, 59.0, 22.0
1607725006.2, 444, 73, 1023, 745, 838, 59.0, 22.0
1607725608.83, 449, 68, 1023, 919, 919, 60.0, 22.0
1607726211.46, 442, 59, 1023, 985, 976, 60.0, 22.0
1607726814.03, 440, 64, 1023, 992, 984, 61.0, 22.0
1607727419.19, 439, 63, 1023, 993, 984, 61.0, 22.0
1607728021.72, 441, 40, 1023, 993, 984, 61.0, 22.0
1607728626.79, 437, 68, 1023, 987, 975, 61.0, 22.0
1607729229.43, 439, 66, 1023, 993, 981, 60.0, 21.0
1607729832.05, 439, 53, 1023, 993, 981, 60.0, 21.0
1607730442.18, 440, 60, 1023, 992, 980, 60.0, 21.0
1607731044.71, 437, 59, 1023, 993, 980, 60.0, 21.0
1607731647.33, 436, 60, 1023, 991, 981, 61.0, 21.0
1607732249.96, 435, 71, 1023, 992, 977, 61.0, 21.0
1607732852.5, 439, 46, 1023, 993, 979, 61.0, 21.0
1607733457.58, 432, 61, 1023, 991, 978, 61.0, 21.0
1607734067.71, 436, 63, 1023, 987, 977, 61.0, 21.0
1607734670.27, 436, 59, 1023, 991, 976, 61.0, 20.0
1607735275.4, 436, 61, 1023, 991, 978, 61.0, 20.0
1607735878.03, 436, 58, 1023, 992, 976, 61.0, 20.0
1607736480.56, 435, 58, 1023, 991, 977, 61.0, 20.0
1607737083.11, 436, 62, 1023, 993, 975, 61.0, 20.0
1607737685.65, 435, 60, 1023, 991, 975, 61.0, 20.0
1607738288.18, 434, 55, 1023, 991, 973, 61.0, 20.0
1607738890.71, 434, 61, 1023, 991, 974, 62.0, 20.0
1607739493.3, 438, 57, 1023, 991, 974, 62.0, 19.0
1607740098.42, 434, 58, 1023, 991, 972, 62.0, 19.0
1607740700.95, 434, 61, 1023, 989, 972, 62.0, 19.0
1607741303.51, 434, 57, 1023, 987, 968, 62.0, 19.0
1607741906.13, 436, 62, 1023, 991, 972, 62.0, 19.0
1607742508.76, 431, 63, 1023, 994, 977, 62.0, 19.0
1607743112.02, 432, 60, 1023, 994, 977, 63.0, 19.0
1607743717.17, 437, 49, 1023, 996, 976, 63.0, 19.0
1607744319.71, 434, 58, 1023, 995, 975, 63.0, 19.0
1607744922.25, 430, 62, 1023, 995, 974, 63.0, 19.0
1607745524.83, 434, 60, 1023, 994, 973, 63.0, 19.0
1607746127.44, 435, 63, 1023, 995, 975, 63.0, 19.0
1607746729.98, 431, 55, 1023, 995, 975, 63.0, 19.0
1607747332.53, 429, 48, 1023, 993, 974, 64.0, 18.0
1607747937.6, 432, 50, 1023, 994, 972, 64.0, 18.0
1607748540.22, 433, 66, 1023, 995, 973, 64.0, 18.0
1607749145.36, 428, 82, 1023, 994, 975, 64.0, 18.0
1607749747.99, 428, 71, 1023, 994, 974, 64.0, 18.0
1607750350.53, 432, 63, 1023, 995, 975, 65.0, 18.0
1607750953.15, 431, 59, 1023, 997, 974, 65.0, 18.0
1607751555.69, 432, 61, 1023, 996, 974, 65.0, 18.0
1607752158.28, 431, 69, 1023, 996, 976, 65.0, 18.0
1607752760.9, 428, 69, 1023, 994, 976, 65.0, 18.0
1607753363.45, 433, 60, 1023, 997, 974, 65.0, 18.0
1607753968.6, 431, 55, 1023, 958, 956, 65.0, 18.0
1607754571.23, 430, 51, 1023, 994, 974, 65.0, 18.0
1607755173.85, 441, 58, 1023, 997, 973, 65.0, 18.0
1607755776.38, 430, 68, 1023, 994, 973, 65.0, 18.0
1607756378.91, 427, 71, 1023, 996, 971, 65.0, 18.0
1607756981.45, 429, 72, 1023, 994, 971, 65.0, 18.0
1607757584.08, 427, 70, 1023, 994, 970, 65.0, 17.0
1607758189.15, 429, 62, 1023, 958, 954, 65.0, 17.0
1607758791.69, 429, 59, 1023, 995, 971, 65.0, 17.0
1607759394.23, 426, 58, 1023, 994, 973, 65.0, 17.0
1607759996.85, 432, 22, 1023, 995, 971, 65.0, 17.0
1607760599.41, 426, 56, 1023, 995, 971, 65.0, 17.0
1607761201.94, 431, 57, 1023, 993, 971, 65.0, 17.0
1607761807.01, 426, 44, 1023, 993, 969, 65.0, 17.0
1607762409.55, 428, 46, 1023, 994, 969, 65.0, 17.0
1607763012.17, 430, 52, 1023, 994, 970, 65.0, 17.0
1607763617.33, 430, 57, 1023, 994, 964, 65.0, 17.0
